{
    "ground_z": -0.7,
    "active_objects": [
        {
            "kind":"Robot",
            "name":"robot",
            "base":"./robots/gp12/gp12.urdf",
            "pos":[0,0,0],
            "rot":[0,0,0],
            "reset_joint_poses":[0,-0.925,-1.0123,-0.192,-1.2043,-1.57],
            "joint_damping":[ 0, 1, 0.9, 0.8, 0.7, 0.0],
            "end_effector":"./end_effectors/gripper_gp12-straight/gripper_gp12-straight.urdf",
            "speed":1.0
        },
        {
            "kind":"Camera3DReal",
            "name":"camera",
            "base":"./cameras/camera3d/camera3d_inv.urdf",
            "pos":[-0.032747,-0.564563,1.1767],
            "rot":[0.0,0.0,-1.57],
            "sample_num": 0
        }
    ],

    "workflow":{
        "run":"1",
        "declare":{
            "1":{"kind":"Camera3DReal","fun":"check","name":"camera","next":"2"},
            "2":{"kind":"Vision","fun":"check","name":"PickLight","next":"21","args":{
                "pick_points":[
                    [
                        [
                            0.5762638797506782,
                            0.7549401180780654,
                            0.31302618269823174,
                            0.3770623006589189
                        ],
                        [
                            -0.6633864749477433,
                            0.6557937584643636,
                            -0.360351165014301,
                            -0.05361813096240731
                        ],
                        [
                            -0.47732416791489074,
                            2.4517289672950944e-08,
                            0.8787272880810115,
                            1.8844385513632875
                        ],
                        [
                            0.0,
                            0.0,
                            0.0,
                            1.0
                        ]
                    ],
                    [
                        [
                            -0.5801192778907293,
                            -0.7857094913145894,
                            0.21476083021389936,
                            0.14815819376940786
                        ],
                        [
                            0.7368386993518999,
                            -0.6185956599894915,
                            -0.2727785479633147,
                            0.08633914170056323
                        ],
                        [
                            0.34717481166784653,
                            -3.4620158777815622e-09,
                            0.9378004316361036,
                            1.8354212351137038
                        ],
                        [
                            0.0,
                            0.0,
                            0.0,
                            1.0
                        ]
                    ],
                    [
                        [
                            0.6840350224823396,
                            -0.5566862370523047,
                            -0.47137730948457196,
                            0.30148281746365363
                        ],
                        [
                            0.4583873548838913,
                            0.8307228738486123,
                            -0.3158806633100858,
                            0.08683589283108258
                        ],
                        [
                            0.567430331017728,
                            3.858213253100927e-08,
                            0.823421422268006,
                            1.8808546294127564
                        ],
                        [
                            0.0,
                            0.0,
                            0.0,
                            1.0
                        ]
                    ],
                    [
                        [
                            -0.37550003881435307,
                            -0.8691367516626082,
                            0.32187152411508235,
                            0.12763557682180293
                        ],
                        [
                            0.65988553805965,
                            -0.49457212427654085,
                            -0.5656409465551198,
                            -0.011781321611794515
                        ],
                        [
                            0.6508080183220039,
                            1.6649032579411996e-07,
                            0.7592424128985827,
                            1.7329633846797985
                        ],
                        [
                            0.0,
                            0.0,
                            0.0,
                            1.0
                        ]
                    ],
                    [
                        [
                            0.23066200807624254,
                            -0.9619419571026165,
                            -0.14650095586080594,
                            0.14065373651735624
                        ],
                        [
                            0.8120061022349849,
                            0.2732535235070591,
                            -0.5157310030012496,
                            -0.09449913677437874
                        ],
                        [
                            0.5361351927516349,
                            -1.2136278979868934e-07,
                            0.8441321001331459,
                            1.8305808487923079
                        ],
                        [
                            0.0,
                            0.0,
                            0.0,
                            1.0
                        ]
                    ]
                ]}
            },
            "21":{"kind":"Robot","fun":"move_relatively","name":"robot","args":{
                "mode":"joint",
                "point":[0.0,0.0,0.25,0,0,0],
                "target":"task_next"
            },"next":"3"},
            "3":{"kind":"Robot","fun":"pick_move","name":"robot","args":{
                "mode":"joint", 
                "speed":5,
                "pickup":true,
                "vision_flow":null},"next":"4"},
            "4":{"kind":"Robot","fun":"pick","name":"robot","next":"5"},
            "5":{"kind":"Robot","fun":"move_relatively","name":"robot","args":{
                    "speed":5,
                    "mode":"joint",
                    "point":[0.0,0.0,0.25,0,0,0]
                },"next":"6"},
            "6":{"kind":"Robot","fun":"move","name":"robot","args":{
                    "mode":"joint",
                    "point":[0,-1,0.15,3.14,0,0]
                },"next":"8"},
            "8":{"kind":"Robot","fun":"move_relatively","name":"robot","args":{
                    "speed":5,
                    "mode":"joint",
                    "point":[0.0,0.0,-0.25,0,0,0]
                },"next":"9"},
            "9":{"kind":"Robot","fun":"place","name":"robot","next":"10"},
            "10":{"kind":"Robot","fun":"move","name":"robot","args":{"home":true},"next":"1"}
        }
    }
}